Точки интерполяции Чебышева для n=1
X0=0.8535533905932737309___Y0=0.6171045484774509982
 X1=0.1464466094067262691___Y1=0.1366672538989291141
 

Коэффициенты многочлена Лагранжа для n=1
a0=0.03716543225679824758
a1=0.6794409378627835894



Точки интерполяции Чебышева для n=2
X0=0.9330127018922194093___Y0=0.6590797712818001752
 X1=0.5___Y1=0.4054651081081643849
 X2=0.06698729810778064619___Y2=0.06483906794489878445
 

Коэффициенты многочлена Лагранжа для n=2
a0=0.004372493413418720998
a1=0.9182003987089976116
a2=-0.232030338639012651



Точки интерполяции Чебышева для n=3
X0=0.9619397662556433692___Y0=0.6739336604963982458
 X1=0.6913417161825449186___Y1=0.5255221288521637613
 X2=0.3086582838174551369___Y2=0.2690024015243712707
 X3=0.03806023374435663076___Y3=0.03735381171554904428
 

Коэффициенты многочлена Лагранжа для n=3
a0=0.0005721672283737211373
a1=0.981256017599143382
a2=-0.3941956109139534425
a3=0.1058437718781047032



Точки интерполяции Чебышева для n=4
X0=0.9755282581475768211___Y0=0.6808358350684844407
 X1=0.7938926261462365686___Y1=0.5843879101989553071
 X2=0.5___Y2=0.4054651081081643849
 X3=0.206107373853763487___Y3=0.1873981273880256926
 X4=0.02447174185242323441___Y4=0.02417710593713221987
 

Коэффициенты многочлена Лагранжа для n=4
a0=7.942077648770418108e-05
a1=0.9959657831345091195
a2=-0.4650204374455935152
a3=0.2164487077843512131
a4=-0.0543709335555730075



Точки интерполяции Чебышева для n=5
X0=0.9829629131445341006___Y0=0.6845921469646499835
 X1=0.8535533905932737309___Y1=0.6171045484774509982
 X2=0.6294095225512603697___Y2=0.4882176930845569252
 X3=0.3705904774487396858___Y3=0.3152416524209064597
 X4=0.1464466094067262691___Y4=0.1366672538989291141
 X5=0.0170370868554658994___Y5=0.01689358331938325616
 

Коэффициенты многочлена Лагранжа для n=5
a0=1.144709756084605345e-05
a1=0.9991664010110744565
a2=-0.4896990903208940926
a3=0.2838231830654995846
a4=-0.1299571976584688038
a5=0.02980876524353976917



